00000000
00000111
00011000
00100010
01000100
00100010
00011000
00000110
00011000
00100010
01000100
00100010
00011000
00000111
00000000
00000000
00000000
00000111
00011000
00100010
01000100
00100010
00011000
00000110
00011000
00100010
01000100
00100010
00011000
00000111
00000000
00000000

00000000
00001111
00101010
00000000

00100010
00100010
00100010
00100001
00100001
00100001
00100010
00100010
00100010
00100001
00100001
00100001
00100010
00100010
00100010
00100010
00100010
00100001
00100001
00100001
00100010
00100010
00100010
00100001
00100001
00100001
00100010
00100010
